4702.8	4663.0	22.402	38.100	21.946	8.57
4711.1	4705.7	22.714	38.633	22.190	7.88
4752.8	4747.8	22.901	39.033	22.405	6.70
4703.9	4789.5	23.203	39.600	22.696	5.57
4829.9	4830.6	23.558	39.933	22.911	3.86
4857.4	4870.9	23.868	40.300	23.171	4.56
4895.3	4911.1	24.111	40.700	23.399	5.47
4909.5	4951.3	24.312	41.000	23.544	4.75
4997.0	4992.0	24.691	41.333	23.792	3.54
5112.7	5033.1	24.842	41.600	23.930	4.30
5159.8	5075.0	25.075	41.933	24.141	4.74
5245.5	5117.8	25.394	42.367	24.339	5.14
5374.7	5162.4	25.689	43.033	24.635	6.54
5435.6	5208.9	26.080	43.933	25.110	7.82
5406.1	5256.4	26.578	44.800	25.568	10.56
5456.5	5304.9	27.107	45.933	26.094	10.00
5411.2	5354.3	27.622	47.300	26.870	9.32
5425.4	5404.6	28.279	48.567	27.631	11.25
5372.8	5455.0	29.098	49.933	28.376	12.09
5351.4	5505.2	29.955	51.467	29.095	9.35
5286.7	5554.2	30.634	52.567	29.640	6.30
5327.4	5601.5	31.093	53.200	30.002	5.42
5415.5	5648.2	31.647	54.267	30.563	6.16
5488.5	5694.4	32.174	55.267	31.077	5.41
5612.4	5739.8	32.508	55.900	31.422	4.83
5654.8	5784.9	32.838	56.400	31.686	5.20
5683.6	5830.4	33.262	57.300	32.167	5.28
5726.2	5876.9	33.851	58.133	32.675	4.87
5792.9	5925.7	34.396	59.200	33.264	4.66
5906.6	5976.7	34.879	60.233	33.834	5.16
6011.1	6029.3	35.308	61.067	34.344	5.82
6011.7	6083.6	36.075	61.967	34.836	6.51
6032.6	6140.0	36.612	63.033	35.415	6.76
6267.2	6199.7	37.283	64.467	36.144	7.28
6328.5	6259.8	37.906	65.967	36.781	8.10
6413.3	6319.5	38.703	67.500	37.476	9.58
6426.1	6377.2	39.395	69.200	38.181	10.07
6433.9	6431.9	40.348	71.400	39.222	10.18
6480.1	6483.8	41.209	73.700	40.194	10.95
6496.8	6532.6	42.031	76.033	41.165	13.58
6517.9	6575.7	42.906	79.033	42.397	15.05
6385.7	6612.8	43.847	81.700	43.434	12.69
6376.0	6647.9	44.856	83.233	44.448	9.84
6494.1	6682.4	46.096	85.567	45.546	15.85
6628.6	6718.4	47.246	87.933	46.674	16.57
6580.2	6758.1	48.133	89.767	47.453	17.78
6655.7	6799.9	48.999	92.267	48.230	17.58
6578.0	6844.1	49.917	93.767	48.964	13.59
6468.0	6893.8	50.615	94.600	49.583	14.23
6503.3	6944.9	51.225	95.967	50.055	14.51
6479.8	6997.3	51.962	97.633	50.843	11.01
6486.2	7050.6	52.540	97.933	51.406	9.29
6571.1	7102.2	52.964	98.000	51.850	8.65
6721.1	7153.8	53.323	99.133	52.327	8.80
6852.7	7206.2	53.881	100.100	53.017	9.46
6994.0	7259.6	54.277	101.100	53.370	9.43
7132.9	7314.9	54.855	102.533	53.948	9.69
7258.2	7372.0	55.316	103.500	54.473	10.56
7329.6	7430.7	55.765	104.400	54.896	11.39
7388.1	7491.0	56.139	105.300	55.238	9.27
7461.5	7553.2	56.785	106.267	55.900	8.48
7529.9	7617.3	57.136	107.233	56.370	7.92
7647.0	7682.5	57.468	107.900	56.820	7.90
7704.4	7748.5	57.800	109.000	57.210	8.10
7775.8	7814.8	58.082	109.567	57.620	7.83
7811.5	7881.5	58.315	109.033	57.552	6.92
7890.1	7948.3	58.550	109.700	57.845	6.21
7931.0	8015.1	58.875	110.467	58.191	6.27
7986.4	8081.3	59.303	111.800	58.813	6.22
8076.1	8147.1	59.700	113.067	59.373	6.65
8149.4	8212.6	60.134	114.267	59.931	6.84
8283.8	8277.9	60.632	115.333	60.456	6.92
8330.4	8343.1	61.108	116.233	60.925	6.66
8440.5	8408.1	61.699	117.567	61.598	7.16
8489.2	8473.1	62.426	119.000	62.357	7.98
8601.6	8538.2	62.926	120.300	62.982	8.47
8688.4	8603.6	63.617	121.667	63.688	9.44
8756.7	8669.3	64.275	123.633	64.537	9.73
8822.1	8735.0	64.741	124.600	64.905	9.08
8840.7	8800.8	65.192	125.867	65.414	8.61
8937.5	8866.5	65.911	128.033	66.348	8.25
8972.1	8932.3	66.592	129.300	66.945	8.24
8974.3	8997.9	67.186	131.533	67.786	8.16
8897.8	9063.2	67.694	133.767	68.675	7.74
8856.1	9128.1	68.369	134.767	69.015	6.43
8924.9	9191.7	68.837	135.567	69.381	5.86
8967.7	9255.1	69.342	136.600	69.850	5.64
9006.8	9318.7	69.717	137.733	70.350	4.82
9113.2	9382.4	70.017	138.667	70.782	4.02
9213.7	9447.3	70.463	139.733	71.251	3.77
9303.3	9512.9	70.798	140.800	71.705	3.26
9396.5	9579.5	71.277	142.033	72.210	3.04
9414.0	9648.1	71.682	143.067	72.639	3.04
9469.9	9717.5	72.118	144.100	73.130	3.00
9516.1	9787.9	72.553	144.767	73.450	3.06
9643.1	9859.0	72.931	145.967	73.871	2.99
9737.6	9930.4	73.285	146.700	74.133	3.21
9870.7	10002.4	73.650	147.533	74.546	3.94
9928.9	10075.2	74.049	148.900	75.078	4.49
10041.6	10149.0	74.457	149.767	75.431	5.17
10075.9	10224.3	74.884	150.867	75.793	5.81
10111.1	10301.0	75.213	152.100	76.221	6.02
10197.7	10379.1	75.571	152.867	76.526	5.80
10270.1	10458.7	75.944	153.700	76.863	5.72
10337.4	10540.1	76.355	155.067	77.294	5.36
10517.9	10622.7	76.645	156.400	77.804	5.24
10615.2	10706.8	76.861	157.300	78.137	5.31
10727.4	10792.3	77.251	158.667	78.666	5.28
10809.1	10879.1	77.731	159.633	79.012	5.28
10972.2	10967.4	77.941	160.000	79.208	5.52
11112.0	11057.4	78.220	160.800	79.411	5.53
11198.2	11149.1	78.479	161.667	79.658	5.51
11309.0	11242.8	78.607	162.000	79.653	5.52
11418.7	11338.6	78.772	162.533	79.795	5.50
11568.1	11436.2	79.067	163.367	80.036	5.53
11757.9	11535.4	79.313	164.133	80.239	4.86
11867.8	11636.1	79.630	164.733	80.446	4.73
11967.7	11737.8	79.894	165.967	80.875	4.75
12120.1	11841.0	80.187	167.200	81.301	5.09
12329.8	11945.6	80.555	168.433	81.784	5.31
12365.2	12051.6	81.165	170.100	82.468	5.68
12598.7	12160.7	81.625	171.433	82.844	6.27
12614.8	12271.2	82.156	173.000	83.359	6.52
12682.0	12382.9	82.600	174.233	83.820	6.47
12645.7	12495.7	83.131	175.900	84.381	5.59
12712.8	12608.7	83.708	177.133	84.784	4.33
12674.1	12721.4	83.985	177.633	84.850	3.50
12705.2	12833.4	84.239	177.500	84.907	2.13
12824.6	12942.9	84.504	178.067	85.061	1.73
12894.7	13052.8	84.826	179.467	85.717	1.75
12956.7	13161.2	85.206	180.433	86.151	1.74
12962.9	13267.4	85.673	181.500	86.544	1.44
13028.6	13371.3	86.201	183.367	87.155	1.25
13151.8	13470.6	86.462	183.067	87.233	1.25
13374.0	13566.8	86.947	184.433	87.765	1.02
13525.7	13659.8	87.378	185.133	88.119	1.00
13606.6	13748.2	88.130	186.700	88.792	1.00
13710.7	13833.5	88.861	188.167	89.415	1.01
13831.0	13916.8	89.432	189.367	89.935	1.43
13947.7	13999.2	90.078	191.400	90.645	1.95
14100.2	14082.6	90.893	192.367	91.115	2.47
14177.2	14165.8	91.525	193.667	91.720	2.94
14292.9	14249.3	92.400	196.600	92.725	3.46
14372.0	14333.2	93.121	198.433	93.452	3.98
14546.4	14418.5	93.837	199.467	93.885	4.46
14591.6	14504.9	94.595	201.267	94.608	4.91
14604.4	14592.0	95.249	203.167	95.284	5.25
14718.4	14679.8	95.583	202.333	95.122	5.25
14728.1	14768.3	96.652	204.317	96.008	5.26
14841.5	14859.1	97.190	206.631	96.769	5.25
14941.5	14949.5	97.526	207.939	97.317	5.07
14996.1	15038.7	97.959	210.490	98.292	4.50
14895.4	15125.6	98.507	212.770	99.135	3.18
14969.2	15209.7	98.984	215.538	100.173	2.09
14895.1	15290.4	99.659	218.861	101.195	1.94
14574.6	15366.9	99.808	213.849	99.748	0.51
